Product ID: 315416156 (Total Helpfulness Scores: 2707)
9
2
10
8
10
0
0
5
2
2
2
0
3
2
8
1
3
10
0
7
2
2
42
0
1
4
1
0
17
0
8
0
2
5
30
5
1
6
0
0
0
3
1
1
1
0
1
0
0
8
0
0
8
7
0
0
2
20
2
3
4
0
0
0
5
0
0
2
0
10
5
6
12
0
83
1
0
3
4
10
2
6
1
9
1
2
3
0
2
3
1
6
1
1
3
2
13
0
8
1
9
3
8
0
10
0
1
1
1
4
0
0
6
0
9
60
1
5
0
4
2
8
9
1
5
2
2
4
0
1
2
4
1
29
2
3
1
0
1
2
0
1
10
11
0
1
3
3
3
0
0
1
4
1
5
3
1
9
29
0
1
0
0
88
1
21
5
12
2
1
108
4
2
2
62
3
3
2
4
1
12
17
7
5
0
13
3
1
2
9
0
9
16
0
10
11
20
16
1
5
6
5
2
3
31
3
1
6
5
3
4
1
1
6
0
24
49
0
2
15
3
3
3
0
1
6
10
5
4
4
3
2
3
3
4
37
0
1
1
8
1
1
21
19
3
3
0
10
2
2
12
5
3
6
8
13
8
0
0
2
3
4
23
1
1
3
2
12
35
6
2
0
7
29
15
3
8
11
12
3
0
5
2
3
8
4
6
3
27
1
1
1
41
5
0
7
0
5
29
6
9
4
7
2
4
0
4
0
5
87
3
0
18
1
1
1
30
1
15
17
1
23
3
194
4
1
1
6
2
10
1
6
5
4
7
1
1
5
14
18
8
3
11
3
1
43
16
0
7
1
3
33
1
22
28
0
6
4
0
1
6
10
8
0
4
5
10
1
64
19
9
1
7
4
1
0
20
15
9
9
384
2
14
5
12
1
171
66
1
12
38
3
3
9
8
6
1
0
4
1
4
48
5
0
0
3
1
0
0
102
3
0
1
48
27
0
0
1
0
10
2
1
2
64
1
16
2
19
12
0
10
0
1
0
2
89
24
6
5
28
3
15
2
5
5
1
3
0
0
0
26
3
2
2
20
8
3
11
3
0
12
4
9
132
0
5
19
12
18
34
0
1122
111
0
1
27
1
0
0
6
22
2
12
0
9
0
2
2
16
0
1
0
1
2
13
3
3
109
5
2
85
2
4
31
21
1
49
2
0
2
18
1
0
8
1
11
21
9
1
13
53
2
11
1
3
1
2
28
3
1
3
0
1
22
0
7
1
10
30
3
1
1
0
0
4
1
0
81
0
2
2
127
2
0
2
0
43
0
26
61
35
25
5
16
2
2
5
2
2
2
1
35
0
26
0
5
50
12
0
0
4
36
34
61
1
33
4
0
0
8
0
9
3
4
24
15
13
3
81
8
22
0
25
12
26
51
19
13
5
7
6
13
63
4
48
5
18
17
5
24
7
10
10
3
4
1
7
18
5
33
9
8
8
29
3
2
32
38
47
29
3
2
5
4
5
6
7
6
1
12
15
31
4
59
5
10
2
5
19
3
4
5
3
4
0
8
10
0
4
60
2
27
2
16
7
2
8
0
6
15
5
7
1
3
1
3
1
0
35
2
2
37
5
1
208
3
5
2
37
5
47
1
27
1
2
2
6
3
15
3
5
14
8
3
7
30
2
23
7
7
1
6
31
16
2
3
32
1
17
1
1
5
6
26
14
4
4
1
6
1
6
2
4
4
2
9
1
17
26
9
3
1
1
9
3
6
1
1
3
20
21
15
51
8
11
11
37
1
3
2
4
1
1
1
0
1
2
3
36
5
1
19
105
2
0
1
2
2
4
2
4
1
30
17
15
36
0
16
7
0
2
21
2
1
10
1
6
7
0
4
4
1
3
13
18
1
1
6
0
3
3
4
23
8
12
2
14
33
1
2
5
3
0
3
2
2
10
18
1
4
1
78
11
1
5
1
1
21
2
7
24
7
1
3
0
5
6
4
2
11
7
6
1
7
16
10
1
3
12
17
1
0
25
16
2
2
3
0
9
19
16
11
9
9
1
3
22
2
2
5
7
12
5
2
2
1
10
35
3
34
7
4
0
3
11
4
9
20
15
1
18
2
11
4
17
1
3
8
1
1
26
10
8
3
1
1
25
14
6
2
5
0
5
5
210
7
22
12
12
3
1
3
10
6
13
1
1
4
4
1
3
7
2
4
1
1
5
7
2
0
0
2
2
5
3
6
3
3
2
0
4
2
11
6
2
14
6
2
1
2
12
2
12
3
8
2
2
2
3
1
3
2
2
15
2
1
3
4
5
3
1
1
3
2
0
4
2
3
2
2
0
12
1
0
12
0
0
8
3
1
1
12
1
6
10
5
0
2
1
1
18
1
45
2
9
4
12
7
3
15
2
14
3
17
4
2
2
2
0
8
2
1
9
2
9
12
1
1
0
20
2
2
0
12
3
1
3
7
1
2
1
9
2
1
1
0
10
0
10
1
11
13
1
0
3
1
4
6
3
2
1
19
1
1
1
10
1
2
26
2
1
1
1
1
7
3
3
13
3
2
12
0
3
3
0
4
2
2
8
0
6
0
0
4
1
2
0
13
7
1
0
3
0
0
2
3
10
13
0
7
0
1
0
1
0
1
0
2
0
1
10
23
46
2
3
2
2
1
10
0
1
0
17
0
2
1
3
2
1
8
5
0
0
1
5
6
0
1
1
1
4
10
5
9
2
7
1
0
3
4
0
1
1
2
15
2
5
1
0
2
3
0
2
6
1
6
1
0
2
10
2
7
19
3
9
2
5
4
2
2
3
3
0
4
26
6
1
9
2
1
0
5
7
3
1
4
0
7
1
2
14
11
6
0
0
9
1
1
5
1
1
1
0
1
3
2
1
0
1
1
9
4
5
1
0
1
1
1
1
1
1
2
1
2
4
15
4
2
2
2
10
3
2
4
10
1
3
4
0
6
0
5
10
3
5
3
2
2
0
4
4
4
9
7
0
20
2
6
0
1
0
0
1
1
2
4
1
2
7
1
3
0
3
25
2
0
7
3
1
2
6
3
0
8
7
2
9
6
2
2
2
0
7
2
6
2
5
1
3
0
2
4
21
0
16
7
1
1
3
3
1
5
1
4
9
1
1
3
5
1
18
0
6
4
8
5
7
3
2
3
13
4
2
1
0
14
0
1
4
13
7
2
9
2
2
1
1
7
1
16
1
1
2
1
2
1
11
3
2
2
1
5
6
3
5
3
1
11
2
2
4
1
0
7
6
2
1
6
1
4
2
6
1
2
3
1
0
9
4
9
0
5
18
7
2
0
2
6
10
0
2
12
2
1
5
0
1
5
18
11
8
10
8
2
3
8
4
6
8
8
0
2
6
6
8
5
3
0
0
8
2
9
0
14
35
5
3
9
5
2
16
1
1
21
2
14
27
3
5
8
1
0
5
2
2
2
4
1
1
30
0
2
49
10
0
2
11
1
1
1
1
0
3
1
14
8
3
4
4
1
1
3
0
3
7
4
12
1
0
7
2
7
1
0
0
10
14
17
15
0
2
5
2
8
21
1
10
5
2
3
7
1
18
6
2
9
3
11
0
8
32
1
1
13
3
7
4
2
1
14
1
3
6
3
12
8
3
1
23
2
9
11
2
5
2
3
3
1
3
19
3
4
10
2
1
11
4
3
5
0
3
2
4
2
3
0
1
1
5
5
2
8
4
3
6
4
2
8
8
7
3
2
4
4
5
3
5
2
1
2
4
3
1
2
8
2
2
2
9
1
3
3
1
4
0
5
19
0
2
6
1
12
12
5
2
5
2
8
5
3
10
14
7
5
1
1
16
1
1
7
2
4
2
2
5
2
4
1
16
5
2
8
13
7
2
2
1
0
3
3
10
12
2
10
5
5
0
1
1
3
4
3
4
3
3
6
6
1
3
0
8
2
4
9
6
4
1
2
1
2
9
7
0
23
6
5
0
0
2
0
3
3
2
3
0
8
0
2
2
4
0
1
1
1
1
0
0
0
0
3
0
1
9
0
1
2
3
0
2
0
0
0
0
3
2
2
3
17
2
5
0
2
5
1
5
4
4
12
2
10
4
0
2
9
7
5
4
3
4
12
2
1
17
2
3
4
2
2
2
4
2
5
5
1
0
6
9
2
1
2
0
1
2
3
2
8
1
1
2
1
2
6
5
5
5
5
2
3
0
0
1
7
1
4
0
2
3
10
4
4
6
11
4
7
8
0
5
4
2
13
3
5
0
4
14
17
1
0
2
0
1
0
1
2
7
7
2
2
4
2
1
2
5
1
1
1
7
2
11
1
3
0
3
0
3
11
1
2
1
2
1
24
0
1
2
3
1
5
6
1
3
3
12
11
1
0
1
7
6
0
15
0
0
0
2
2
1
3
8
9
3
0
1
11
1
1
9
3
2
0
1
0
14
0
7
6
7
3
2
7
1
3
6
2
2
15
16
4
2
7
3
2
4
3
1
4
2
3
8
1
9
2
1
16
0
3
3
6
0
3
8
4
2
3
1
4
1
2
4
2
2
7
0
2
0
2
2
1
2
0
1
1
1
1
1
9
4
3
7
11
1
1
4
11
1
2
3
0
2
5
7
1
3
0
0
2
1
7
0
1
2
3
5
2
1
9
2
6
23
2
13
4
2
32
0
2
2
2
3
2
1
4
1
1
0
4
0
2
1
3
1
2
4
0
0
0
0
0
0
4
4
0
2
6
2
2
1
14
1
5
2
2
1
6
0
0
1
4
1
0
1
8
0
38
1
1
3
4
12
2
0
2
18
0
1
2
2
6
20
0
3
6
2
8
2
3
15
9
18
1
2
7
2
26
3
2
3
8
4
7
1
30
8
1
3
4
0
1
2
1
1
2
1
4
14
5
10
5
9
1
3
0
4
2
28
3
3
8
13
4
0
1
1
12
2
7
6
1
0
2
2
0
0
4
1
1
3
0
7
3
11
10
4
6
2
0
0
2
1
5
2
1
1
3
2
2
0
1
3
1
0
0
5
7
3
0
8
4
3
27
2
2
2
428
5
0
3
4
1
5
2
1
5
0
1
2
1
17
7
4
3
2
11
1
2
1
4
7
1
4
4
1
1
1
7
0
9
23
2
5
1
0
2
1
2
5
10
0
9
8
6
3
0
40
1
1
0
8
1
3
0
2
3
2
1
1
12
2
6
9
1
3
1
5
2
0
1
7
1
0
0
0
2
1
0
2
1
12
5
0
258
0
2
7
0
14
6
3
2
1
8
0
1
0
1
7
1
9
2
2
1
8
8
13
0
0
15
0
9
13
2
1
188
1
47
1
6
5
0
1
23
9
20
12
1
14
6
2
1
1
12
8
19
12
4
1
1
0
12
2
0
1
1
5
1
2
6
11
4
48
0
13
1
9
5
18
21
7
0
38
0
1
5
6
3
0
1
9
0
0
33
3
7
2
0
5
1
9
5
3
0
0
0
1
0
1
0
17
1
0
2
0
0
0
0
3
6
2
3
0
0
0
75
9
0
3
0
0
8
9
4
1
38
1
0
0
10
2
1
1
4
10
9
1
0
5
3
3
7
0
5
1
1
17
5
2
1
0
1
0
0
2
1
0
0
0
2
1
5
1
0
0
2
0
1
5
6
1
2
1
3
12
0
1
4
9
1
0
5
0
3
0
22
4
0
3
0
7
0
2
2
0
0
0
4
1
0
0
12
0
0
0
0
0
0
0
4
6
0
0
0
0
0
3
83
0
0
0
0
0
2
4
4
0
1
0
0
0
0
0
0
0
0
2
0
1
0
5
0
0
8
0
0
4
2
0
2
19
0
0
0
0
0
0
1
0
0
0
0
0
2
6
0
0
34
0
4
26
1
1
56
2
3
2
4
1
5
1
3
3
2
1
0
3
1
2
4
3
1
0
1
1
2
2
4
9
4
3
12
1
12
0
0
10
5
4
0
1
3
2
12
0
0
3
2
2
0
4
5
0
0
0
0
0
0
0
8
4
2
1
1
1
23
0
0
2
1
4
5
5
3
1
0
0
2
8
3
0
0
1
0
0
1
8
7
0
8
2
1
8
2
0
2
13
5
0
4
1
9
2
1
1
10
8
1
6
3
0
4
2
1
2
0
4
0
0
10
3
6
0
0
0
0
2
0
0
0
0
1
7
0
0
1
0
0
1
9
0
0
0
2
1
0
6
11
4
6
7
3
20
3
4
2
4
4
6
1
4
1
8
2
0
3
5
0
0
2
2
0
0
2
0
4
5
1
0
1
0
4
0
0
0
2
2
3
0
0
0
5
0
0
0
18
0
10
1
0
2
0
0
0
3
3
4
0
1
5
0
1
2
0
1
1
0
0
0
3
0
0
3
0
1
0
0
0
0
2
5
2
0
0
1
0
1
1
1
0
0
1
0
0
0
0
0
0
0
0
0
0
0
1
0
0
0
0
0
0
0
1
0
0
1
0
0
0
0
4
0
1
0
0
0
0
0
12
0
0
0
0
12
0
2
0
0
15
26
0
25
0
10
24
0
0
2968
8
0
14
28
98
76
4
5
13
2
1
1
5
0
8
1
0
0
1
65
1
0
3
1
3
50
8
5
3
1
14
15
12
3
2
3
3
0
1
0
0
1
8
0
3
2
0
0
0
1
0
0
0
0
10
0
0
5
11
4
0
0
0
0
1
0
6
5
325
0
1
1
16
0
7
1
5
0
1
0
0
0
0
0
1
8
0
0
1
2
11
2
0
30
1
9
11
3
62
8
3
0
16
7
16
2
0
1
3
2
2
2
2
2
2
0
14
0
0
14
2
0
4
0
5
1
1
11
1
1
21
2
0
0
0
0
0
0
0
1
8
4
2
2
0
3
3
1
9
4
11
4
2
2
13
37
11
18
9
15
18
7
3
0
5
3
1
5
8
2
4
2
8
86
1
3
3
0
1
3
9
2
0
4
4
7
38
1
36
0
0
20
14
3
5
3
2
1
58
3
318
1
3
2
9
1
9
3
0
2
31
3
10
1
10
7
4
1
1
4
33
2
3
1
7
1
11
1
1
6
10
169
5
2
1
0
7
3
4
1
8
9
10
0
42
4
0
2
0
0
2
0
7
0
1
13
31
1
1
0
7
2
2
6
0
4
0
0
0
1
26
0
1
1
1
0
9
1
4
0
0
1
0
4
5
1
16
44
2
32
1
0
2
20
1
26
1
4
0
5
18
14
2
3
2
5
6
14
26
1
14
1
17
1
6
6
2
16
1
1
49
7
2
2
0
4
6
1
22
6
1
2
2
2
5
4
4
0
1
3
2
1
5
3
9
1
0
9
