id,no_mask,yes_mask 
01001,0.261,0.739
01003,0.24,0.759
01005,0.308,0.692
01007,0.15,0.85
01009,0.347,0.653
01011,0.215,0.786
01013,0.412,0.588
01015,0.39,0.609
01017,0.304,0.696
01019,0.323,0.678
01021,0.188,0.812
01023,0.213,0.787
01025,0.301,0.698
01027,0.501,0.498
01029,0.414,0.585
01031,0.347,0.652
01033,0.33,0.669
01035,0.41,0.591
01037,0.353,0.647
01039,0.444,0.557
01041,0.35,0.649
01043,0.403,0.596
01045,0.32,0.68
01047,0.354,0.646
01049,0.241,0.759
01051,0.264,0.737
01053,0.328,0.672
01055,0.377,0.623
01057,0.337,0.662
01059,0.359,0.64
01061,0.396,0.603
01063,0.21,0.79
01065,0.171,0.83
01067,0.304,0.696
01069,0.299,0.701
01071,0.291,0.709
01073,0.193,0.807
01075,0.284,0.716
01077,0.353,0.648
01079,0.33,0.67
01081,0.255,0.745
01083,0.269,0.731
01085,0.338,0.663
01087,0.282,0.717
01089,0.235,0.766
01091,0.302,0.698
01093,0.439,0.56
01095,0.268,0.732
01097,0.249,0.75
01099,0.335,0.666
01101,0.274,0.725
01103,0.237,0.763
01105,0.196,0.805
01107,0.26,0.741
01109,0.336,0.663
01111,0.489,0.512
01113,0.216,0.783
01115,0.305,0.695
01117,0.215,0.785
01119,0.241,0.759
01121,0.471,0.53
01123,0.298,0.702
01125,0.221,0.779
01127,0.316,0.685
01129,0.197,0.802
01131,0.358,0.642
01133,0.504,0.495
02013,0.133,0.867
02016,0.139,0.861
02020,0.141,0.859
02050,0.137,0.863
02060,0.127,0.872
02068,0.21,0.79
02070,0.124,0.875
02090,0.353,0.647
02100,0.228,0.771
02105,0.245,0.755
02110,0.251,0.749
02122,0.141,0.859
02130,0.348,0.652
02150,0.134,0.866
02158,0.132,0.868
02164,0.131,0.87
02170,0.141,0.858
02180,0.156,0.844
02185,0.33,0.67
02188,0.274,0.726
02195,0.285,0.714
02198,0.319,0.68
02220,0.262,0.738
02230,0.212,0.789
02240,0.275,0.725
02261,0.141,0.86
02275,0.314,0.686
02282,0.137,0.862
02290,0.217,0.783
04001,0.149,0.851
04003,0.225,0.775
04005,0.189,0.812
04007,0.117,0.883
04009,0.399,0.602
04011,0.367,0.633
04012,0.257,0.743
04013,0.107,0.892
04015,0.251,0.749
04017,0.258,0.741
04019,0.12,0.88
04021,0.184,0.815
04023,0.088,0.911
04025,0.185,0.815
04027,0.067,0.933
05001,0.226,0.773
05003,0.289,0.712
05005,0.362,0.638
05007,0.198,0.803
05009,0.396,0.605
05011,0.371,0.629
05013,0.385,0.615
05015,0.294,0.706
05017,0.371,0.628
05019,0.251,0.749
05021,0.363,0.637
05023,0.194,0.805
05025,0.297,0.703
05027,0.367,0.633
05029,0.328,0.672
05031,0.339,0.661
05033,0.422,0.578
05035,0.186,0.814
05037,0.277,0.723
05039,0.345,0.655
05041,0.301,0.698
05043,0.319,0.682
05045,0.17,0.829
05047,0.473,0.527
05049,0.452,0.548
05051,0.195,0.806
05053,0.252,0.747
05055,0.357,0.643
05057,0.267,0.733
05059,0.224,0.776
05061,0.296,0.705
05063,0.381,0.619
05065,0.34,0.66
05067,0.354,0.647
05069,0.25,0.75
05071,0.452,0.549
05073,0.28,0.72
05075,0.366,0.635
05077,0.33,0.67
05079,0.245,0.755
05081,0.301,0.7
05083,0.378,0.622
05085,0.229,0.771
05087,0.322,0.678
05089,0.402,0.598
05091,0.294,0.706
05093,0.276,0.724
05095,0.323,0.677
05097,0.312,0.687
05099,0.275,0.725
05101,0.331,0.669
05103,0.308,0.691
05105,0.229,0.771
05107,0.247,0.753
05109,0.325,0.677
05111,0.316,0.684
05113,0.477,0.522
05115,0.414,0.587
05117,0.335,0.664
05119,0.181,0.819
05121,0.399,0.6
05123,0.383,0.617
05125,0.264,0.736
05127,0.419,0.581
05129,0.313,0.687
05131,0.42,0.58
05133,0.368,0.632
05135,0.445,0.555
05137,0.269,0.732
05139,0.393,0.606
05141,0.189,0.811
05143,0.163,0.837
05145,0.232,0.768
05147,0.315,0.685
05149,0.328,0.672
06001,0.082,0.918
06003,0.198,0.802
06005,0.157,0.843
06007,0.169,0.83
06009,0.162,0.838
06011,0.15,0.851
06013,0.073,0.927
06015,0.257,0.743
06017,0.142,0.858
06019,0.102,0.897
06021,0.2,0.8
06023,0.066,0.934
06025,0.036,0.964
06027,0.052,0.947
06029,0.155,0.845
06031,0.14,0.86
06033,0.014,0.985
06035,0.294,0.707
06037,0.083,0.917
06039,0.126,0.875
06041,0.057,0.943
06043,0.153,0.847
06045,0.009,0.992
06047,0.151,0.849
06049,0.182,0.819
06051,0.049,0.95
06053,0.095,0.904
06055,0.076,0.922
06057,0.141,0.859
06059,0.09,0.91
06061,0.107,0.894
06063,0.183,0.817
06065,0.081,0.919
06067,0.115,0.886
06069,0.085,0.914
06071,0.097,0.902
06073,0.074,0.926
06075,0.063,0.938
06077,0.154,0.845
06079,0.086,0.914
06081,0.087,0.912
06083,0.11,0.89
06085,0.069,0.932
06087,0.094,0.906
06089,0.222,0.779
06091,0.24,0.76
06093,0.288,0.713
06095,0.124,0.876
06097,0.056,0.944
06099,0.122,0.878
06101,0.169,0.832
06103,0.26,0.74
06105,0.206,0.793
06107,0.179,0.821
06109,0.135,0.865
06111,0.068,0.933
06113,0.052,0.947
06115,0.163,0.836
08001,0.13,0.87
08003,0.279,0.721
08005,0.104,0.896
08007,0.237,0.764
08009,0.36,0.641
08011,0.241,0.758
08013,0.055,0.945
08014,0.065,0.935
08015,0.217,0.783
08017,0.309,0.69
08019,0.155,0.846
08021,0.259,0.74
08023,0.182,0.819
08025,0.116,0.884
08027,0.268,0.732
08029,0.255,0.745
08031,0.1,0.901
08033,0.157,0.843
08035,0.135,0.865
08037,0.044,0.956
08039,0.25,0.751
08041,0.201,0.799
08043,0.137,0.863
08045,0.142,0.858
08047,0.045,0.955
08049,0.058,0.941
08051,0.139,0.862
08053,0.21,0.79
08055,0.13,0.87
08057,0.138,0.862
08059,0.134,0.867
08061,0.238,0.762
08063,0.466,0.534
08065,0.054,0.946
08067,0.185,0.815
08069,0.11,0.89
08071,0.183,0.818
08073,0.277,0.724
08075,0.381,0.619
08077,0.278,0.721
08079,0.259,0.742
08081,0.345,0.655
08083,0.157,0.843
08085,0.251,0.75
08087,0.36,0.641
08089,0.153,0.847
08091,0.209,0.79
08093,0.142,0.859
08095,0.377,0.623
08097,0.049,0.951
08099,0.33,0.67
08101,0.136,0.864
08103,0.277,0.723
08105,0.315,0.686
08107,0.136,0.864
08109,0.325,0.675
08111,0.167,0.833
08113,0.175,0.825
08115,0.365,0.635
08117,0.065,0.935
08119,0.258,0.742
08121,0.386,0.613
08123,0.219,0.781
08125,0.455,0.545
09001,0.106,0.894
09003,0.103,0.897
09005,0.089,0.91
09007,0.065,0.935
09009,0.09,0.91
09011,0.112,0.889
09013,0.043,0.957
09015,0.145,0.855
10001,0.138,0.862
10003,0.081,0.919
10005,0.041,0.959
11001,0.094,0.907
12001,0.078,0.921
12003,0.343,0.657
12005,0.25,0.75
12007,0.446,0.554
12009,0.237,0.764
12011,0.092,0.908
12013,0.227,0.774
12015,0.201,0.798
12017,0.213,0.787
12019,0.272,0.729
12021,0.13,0.87
12023,0.361,0.639
12027,0.143,0.857
12029,0.285,0.715
12031,0.177,0.823
12033,0.166,0.834
12035,0.242,0.759
12037,0.36,0.64
12039,0.197,0.802
12041,0.236,0.764
12043,0.227,0.773
12045,0.291,0.709
12047,0.407,0.592
12049,0.334,0.666
12051,0.2,0.8
12053,0.221,0.779
12055,0.226,0.773
12057,0.123,0.877
12059,0.328,0.673
12061,0.201,0.8
12063,0.301,0.7
12065,0.135,0.865
12067,0.403,0.597
12069,0.183,0.817
12071,0.175,0.824
12073,0.144,0.856
12075,0.221,0.779
12077,0.25,0.75
12079,0.397,0.604
12081,0.173,0.827
12083,0.254,0.746
12085,0.111,0.888
12086,0.115,0.884
12087,0.022,0.978
12089,0.307,0.693
12091,0.321,0.679
12093,0.114,0.886
12095,0.112,0.888
12097,0.105,0.896
12099,0.1,0.9
12101,0.111,0.888
12103,0.118,0.883
12105,0.198,0.802
12107,0.232,0.767
12109,0.215,0.784
12111,0.179,0.821
12113,0.281,0.718
12115,0.121,0.879
12117,0.142,0.858
12119,0.137,0.863
12121,0.404,0.596
12123,0.379,0.621
12125,0.26,0.74
12127,0.19,0.81
12129,0.296,0.704
12131,0.244,0.756
12133,0.285,0.715
13001,0.432,0.568
13003,0.338,0.662
13005,0.39,0.609
13007,0.129,0.87
13009,0.216,0.784
13011,0.364,0.637
13013,0.241,0.758
13015,0.388,0.613
13017,0.316,0.685
13019,0.327,0.674
13021,0.313,0.688
13023,0.237,0.764
13025,0.326,0.674
13027,0.381,0.62
13029,0.167,0.833
13031,0.265,0.734
13033,0.301,0.7
13035,0.306,0.693
13037,0.091,0.909
13039,0.431,0.569
13043,0.259,0.741
13045,0.376,0.625
13047,0.409,0.592
13049,0.309,0.691
13051,0.219,0.782
13053,0.241,0.759
13055,0.405,0.594
13057,0.203,0.797
13059,0.171,0.829
13061,0.214,0.785
13063,0.217,0.783
13065,0.252,0.748
13067,0.204,0.797
13069,0.373,0.626
13071,0.373,0.627
13073,0.22,0.781
13075,0.355,0.644
13077,0.341,0.659
13079,0.339,0.66
13081,0.202,0.798
13083,0.48,0.519
13085,0.267,0.733
13087,0.304,0.696
13089,0.139,0.86
13091,0.32,0.679
13093,0.169,0.831
13095,0.115,0.885
13097,0.21,0.789
13099,0.263,0.738
13101,0.352,0.648
13103,0.253,0.747
13105,0.39,0.61
13107,0.248,0.752
13109,0.337,0.662
13111,0.288,0.712
13113,0.277,0.723
13115,0.456,0.543
13117,0.166,0.834
13119,0.359,0.64
13121,0.151,0.849
13123,0.257,0.743
13125,0.329,0.671
13127,0.264,0.736
13129,0.473,0.526
13131,0.318,0.681
13133,0.165,0.834
13135,0.171,0.829
13137,0.279,0.722
13139,0.258,0.743
13141,0.256,0.743
13143,0.472,0.529
13145,0.235,0.764
13147,0.293,0.707
13149,0.386,0.615
13151,0.242,0.759
13153,0.247,0.753
13155,0.315,0.684
13157,0.327,0.674
13159,0.322,0.678
13161,0.427,0.573
13163,0.405,0.595
13165,0.251,0.749
13167,0.281,0.719
13169,0.362,0.639
13171,0.301,0.699
13173,0.317,0.683
13175,0.319,0.682
13177,0.107,0.894
13179,0.172,0.829
13181,0.288,0.712
13183,0.219,0.78
13185,0.358,0.643
13187,0.251,0.749
13189,0.248,0.753
13191,0.298,0.702
13193,0.24,0.76
13195,0.304,0.697
13197,0.371,0.629
13199,0.333,0.667
13201,0.302,0.698
13205,0.211,0.789
13207,0.291,0.708
13209,0.371,0.629
13211,0.218,0.782
13213,0.405,0.594
13215,0.219,0.78
13217,0.293,0.707
13219,0.207,0.792
13221,0.192,0.808
13223,0.273,0.727
13225,0.273,0.727
13227,0.257,0.743
13229,0.32,0.679
13231,0.266,0.734
13233,0.369,0.63
13235,0.208,0.793
13237,0.27,0.73
13239,0.298,0.701
13241,0.307,0.693
13243,0.131,0.869
13245,0.241,0.758
13247,0.251,0.75
13249,0.289,0.711
13251,0.348,0.652
13253,0.354,0.645
13255,0.289,0.711
13257,0.319,0.68
13259,0.28,0.72
13261,0.157,0.843
13263,0.337,0.663
13265,0.199,0.802
13267,0.341,0.658
13269,0.377,0.623
13271,0.365,0.635
13273,0.078,0.922
13275,0.242,0.758
13277,0.276,0.723
13279,0.345,0.655
13281,0.27,0.73
13283,0.334,0.666
13285,0.325,0.675
13287,0.277,0.722
13289,0.305,0.695
13291,0.271,0.728
13293,0.374,0.627
13295,0.425,0.576
13297,0.417,0.583
13299,0.278,0.722
13301,0.3,0.7
13303,0.227,0.774
13305,0.311,0.689
13307,0.186,0.813
13309,0.375,0.625
13311,0.22,0.78
13313,0.456,0.545
13315,0.273,0.726
13317,0.28,0.72
13319,0.242,0.758
13321,0.208,0.792
15001,0.079,0.921
15003,0.05,0.949
15005,0.071,0.93
15007,0.067,0.933
15009,0.075,0.925
16001,0.28,0.72
16003,0.528,0.472
16005,0.453,0.547
16007,0.373,0.628
16009,0.247,0.753
16011,0.467,0.533
16013,0.364,0.636
16015,0.133,0.867
16017,0.323,0.677
16019,0.486,0.515
16021,0.277,0.722
16023,0.479,0.52
16025,0.263,0.737
16027,0.378,0.621
16029,0.472,0.528
16031,0.459,0.541
16033,0.543,0.457
16035,0.276,0.725
16037,0.297,0.702
16039,0.288,0.712
16041,0.334,0.666
16043,0.519,0.48
16045,0.366,0.634
16047,0.502,0.498
16049,0.303,0.698
16051,0.499,0.501
16053,0.49,0.51
16055,0.421,0.579
16057,0.08,0.92
16059,0.513,0.487
16061,0.257,0.744
16063,0.485,0.514
16065,0.504,0.495
16067,0.459,0.542
16069,0.156,0.843
16071,0.409,0.591
16073,0.406,0.594
16075,0.454,0.546
16077,0.435,0.566
16079,0.511,0.489
16081,0.478,0.522
16083,0.489,0.512
16085,0.261,0.739
16087,0.59,0.411
17001,0.461,0.54
17003,0.34,0.66
17005,0.233,0.767
17007,0.096,0.904
17009,0.415,0.585
17011,0.187,0.813
17013,0.361,0.639
17015,0.214,0.786
17017,0.373,0.628
17019,0.147,0.853
17021,0.207,0.793
17023,0.323,0.677
17025,0.322,0.678
17027,0.248,0.753
17029,0.368,0.632
17031,0.116,0.884
17033,0.389,0.611
17035,0.364,0.636
17037,0.053,0.947
17039,0.214,0.787
17041,0.214,0.785
17043,0.076,0.923
17045,0.395,0.606
17047,0.467,0.534
17049,0.358,0.642
17051,0.301,0.699
17053,0.26,0.739
17055,0.384,0.616
17057,0.357,0.643
17059,0.389,0.611
17061,0.274,0.725
17063,0.217,0.782
17065,0.417,0.583
17067,0.426,0.574
17069,0.47,0.531
17071,0.241,0.759
17073,0.2,0.8
17075,0.334,0.666
17077,0.295,0.705
17079,0.365,0.634
17081,0.328,0.672
17083,0.277,0.722
17085,0.358,0.643
17087,0.363,0.637
17089,0.087,0.913
17091,0.224,0.776
17093,0.075,0.924
17095,0.26,0.74
17097,0.084,0.915
17099,0.177,0.823
17101,0.459,0.541
17103,0.125,0.874
17105,0.257,0.744
17107,0.321,0.679
17109,0.229,0.772
17111,0.108,0.892
17113,0.238,0.762
17115,0.166,0.835
17117,0.212,0.788
17119,0.163,0.837
17121,0.294,0.706
17123,0.264,0.736
17125,0.561,0.439
17127,0.372,0.629
17129,0.287,0.712
17131,0.215,0.786
17133,0.155,0.844
17135,0.159,0.841
17137,0.289,0.711
17139,0.367,0.633
17141,0.227,0.773
17143,0.171,0.828
17145,0.251,0.75
17147,0.115,0.886
17149,0.435,0.565
17151,0.371,0.629
17153,0.37,0.63
17155,0.214,0.786
17157,0.157,0.843
17159,0.369,0.631
17161,0.169,0.831
17163,0.096,0.905
17165,0.334,0.666
17167,0.202,0.797
17169,0.384,0.615
17171,0.318,0.682
17173,0.285,0.714
17175,0.172,0.827
17177,0.136,0.866
17179,0.225,0.775
17181,0.34,0.661
17183,0.23,0.77
17185,0.462,0.537
17187,0.203,0.798
17189,0.217,0.783
17191,0.356,0.645
17193,0.429,0.571
17195,0.133,0.867
17197,0.127,0.873
17199,0.353,0.647
17201,0.15,0.85
17203,0.241,0.759
18001,0.343,0.657
18003,0.309,0.692
18005,0.307,0.692
18007,0.32,0.679
18009,0.351,0.65
18011,0.279,0.721
18013,0.157,0.844
18015,0.333,0.667
18017,0.512,0.489
18019,0.269,0.729
18021,0.307,0.692
18023,0.253,0.747
18025,0.274,0.726
18027,0.24,0.76
18029,0.351,0.648
18031,0.359,0.641
18033,0.301,0.699
18035,0.328,0.672
18037,0.201,0.8
18039,0.221,0.78
18041,0.25,0.751
18043,0.293,0.707
18045,0.313,0.686
18047,0.256,0.744
18049,0.384,0.616
18051,0.394,0.606
18053,0.294,0.704
18055,0.207,0.793
18057,0.17,0.83
18059,0.274,0.726
18061,0.383,0.617
18063,0.219,0.78
18065,0.456,0.545
18067,0.274,0.727
18069,0.385,0.615
18071,0.3,0.7
18073,0.351,0.649
18075,0.437,0.563
18077,0.52,0.48
18079,0.372,0.627
18081,0.251,0.749
18083,0.404,0.597
18085,0.309,0.691
18087,0.312,0.688
18089,0.188,0.811
18091,0.327,0.672
18093,0.318,0.682
18095,0.296,0.704
18097,0.22,0.78
18099,0.382,0.618
18101,0.228,0.773
18103,0.432,0.569
18105,0.168,0.833
18107,0.354,0.646
18109,0.327,0.673
18111,0.347,0.654
18113,0.302,0.697
18115,0.318,0.682
18117,0.255,0.745
18119,0.219,0.782
18121,0.401,0.6
18123,0.206,0.794
18125,0.304,0.695
18127,0.258,0.743
18129,0.303,0.698
18131,0.525,0.476
18133,0.441,0.56
18135,0.486,0.515
18137,0.278,0.723
18139,0.314,0.687
18141,0.173,0.826
18143,0.277,0.723
18145,0.394,0.606
18147,0.255,0.745
18149,0.416,0.584
18151,0.299,0.701
18153,0.275,0.724
18155,0.423,0.578
18157,0.278,0.722
18159,0.204,0.796
18161,0.254,0.747
18163,0.224,0.776
18165,0.352,0.649
18167,0.284,0.716
18169,0.417,0.583
18171,0.286,0.715
18173,0.2,0.8
18175,0.233,0.767
18177,0.39,0.609
18179,0.332,0.669
18181,0.427,0.573
18183,0.379,0.62
19001,0.329,0.671
19003,0.408,0.592
19005,0.319,0.681
19007,0.393,0.606
19009,0.491,0.509
19011,0.295,0.704
19013,0.265,0.736
19015,0.27,0.73
19017,0.307,0.692
19019,0.232,0.767
19021,0.505,0.495
19023,0.354,0.647
19025,0.542,0.457
19027,0.504,0.497
19029,0.535,0.465
19031,0.264,0.736
19033,0.572,0.428
19035,0.509,0.491
19037,0.408,0.592
19039,0.388,0.612
19041,0.371,0.63
19043,0.344,0.655
19045,0.301,0.699
19047,0.275,0.724
19049,0.256,0.745
19051,0.388,0.612
19053,0.638,0.362
19055,0.309,0.691
19057,0.325,0.675
19059,0.394,0.606
19061,0.381,0.619
19063,0.391,0.609
19065,0.257,0.743
19067,0.482,0.518
19069,0.553,0.447
19071,0.18,0.82
19073,0.492,0.507
19075,0.283,0.718
19077,0.378,0.623
19079,0.39,0.61
19081,0.61,0.39
19083,0.344,0.655
19085,0.256,0.743
19087,0.356,0.644
19089,0.404,0.596
19091,0.658,0.342
19093,0.493,0.508
19095,0.311,0.689
19097,0.357,0.643
19099,0.44,0.559
19101,0.411,0.589
19103,0.127,0.873
19105,0.31,0.691
19107,0.448,0.552
19109,0.554,0.445
19111,0.447,0.553
19113,0.235,0.764
19115,0.305,0.696
19117,0.432,0.569
19119,0.408,0.591
19121,0.248,0.752
19123,0.43,0.57
19125,0.311,0.689
19127,0.294,0.706
19129,0.239,0.762
19131,0.477,0.523
19133,0.234,0.767
19135,0.368,0.632
19137,0.336,0.664
19139,0.363,0.637
19141,0.494,0.506
19143,0.479,0.521
19145,0.209,0.791
19147,0.403,0.598
19149,0.436,0.564
19151,0.5,0.5
19153,0.269,0.732
19155,0.345,0.654
19157,0.453,0.547
19159,0.563,0.437
19161,0.537,0.462
19163,0.228,0.771
19165,0.34,0.661
19167,0.465,0.535
19169,0.191,0.809
19171,0.328,0.672
19173,0.426,0.574
19175,0.327,0.672
19177,0.41,0.59
19179,0.409,0.591
19181,0.418,0.582
19183,0.26,0.74
19185,0.538,0.462
19187,0.537,0.463
19189,0.575,0.425
19191,0.317,0.682
19193,0.415,0.585
19195,0.518,0.482
19197,0.644,0.357
20001,0.491,0.508
20003,0.389,0.611
20005,0.428,0.572
20007,0.334,0.665
20009,0.358,0.641
20011,0.39,0.61
20013,0.421,0.579
20015,0.308,0.692
20017,0.445,0.556
20019,0.45,0.551
20021,0.416,0.584
20023,0.509,0.491
20025,0.419,0.58
20027,0.265,0.736
20029,0.349,0.651
20031,0.369,0.631
20033,0.384,0.617
20035,0.448,0.552
20037,0.369,0.631
20039,0.492,0.508
20041,0.372,0.628
20043,0.514,0.486
20045,0.039,0.961
20047,0.273,0.727
20049,0.406,0.594
20051,0.532,0.468
20053,0.44,0.56
20055,0.418,0.582
20057,0.37,0.631
20059,0.282,0.718
20061,0.231,0.769
20063,0.563,0.438
20065,0.621,0.379
20067,0.398,0.601
20069,0.396,0.604
20071,0.447,0.552
20073,0.369,0.632
20075,0.415,0.585
20077,0.407,0.593
20079,0.254,0.746
20081,0.397,0.603
20083,0.364,0.637
20085,0.287,0.713
20087,0.185,0.816
20089,0.4,0.599
20091,0.123,0.878
20093,0.425,0.575
20095,0.407,0.592
20097,0.297,0.702
20099,0.382,0.618
20101,0.469,0.53
20103,0.314,0.686
20105,0.463,0.538
20107,0.314,0.685
20109,0.531,0.469
20111,0.357,0.644
20113,0.291,0.709
20115,0.378,0.622
20117,0.33,0.67
20119,0.402,0.597
20121,0.21,0.79
20123,0.433,0.568
20125,0.398,0.602
20127,0.352,0.648
20129,0.377,0.623
20131,0.332,0.668
20133,0.457,0.543
20135,0.432,0.569
20137,0.501,0.5
20139,0.196,0.804
20141,0.57,0.429
20143,0.412,0.587
20145,0.286,0.714
20147,0.52,0.48
20149,0.214,0.786
20151,0.304,0.696
20153,0.511,0.488
20155,0.355,0.645
20157,0.332,0.668
20159,0.349,0.651
20161,0.204,0.796
20163,0.617,0.383
20165,0.414,0.586
20167,0.508,0.492
20169,0.434,0.566
20171,0.477,0.523
20173,0.241,0.759
20175,0.37,0.629
20177,0.182,0.817
20179,0.579,0.421
20181,0.529,0.471
20183,0.487,0.514
20185,0.275,0.724
20187,0.397,0.604
20189,0.366,0.633
20191,0.258,0.742
20193,0.553,0.447
20195,0.574,0.428
20197,0.208,0.792
20199,0.492,0.508
20201,0.334,0.666
20203,0.469,0.532
20205,0.418,0.582
20207,0.438,0.561
20209,0.157,0.843
21001,0.358,0.642
21003,0.27,0.73
21005,0.116,0.884
21007,0.338,0.661
21009,0.236,0.764
21011,0.218,0.782
21013,0.36,0.639
21015,0.248,0.752
21017,0.103,0.898
21019,0.411,0.589
21021,0.241,0.759
21023,0.37,0.63
21025,0.321,0.679
21027,0.346,0.655
21029,0.284,0.716
21031,0.296,0.705
21033,0.386,0.615
21035,0.398,0.602
21037,0.292,0.708
21039,0.337,0.664
21041,0.446,0.554
21043,0.293,0.707
21045,0.401,0.598
21047,0.356,0.644
21049,0.286,0.713
21051,0.4,0.6
21053,0.459,0.54
21055,0.528,0.472
21057,0.397,0.603
21059,0.234,0.767
21061,0.198,0.803
21063,0.268,0.732
21065,0.323,0.677
21067,0.148,0.852
21069,0.212,0.789
21071,0.326,0.674
21073,0.266,0.735
21075,0.404,0.597
21077,0.322,0.677
21079,0.183,0.816
21081,0.286,0.714
21083,0.438,0.562
21085,0.219,0.781
21087,0.266,0.735
21089,0.429,0.57
21091,0.22,0.781
21093,0.225,0.775
21095,0.267,0.732
21097,0.148,0.851
21099,0.205,0.795
21101,0.269,0.73
21103,0.349,0.652
21105,0.383,0.617
21107,0.281,0.719
21109,0.343,0.656
21111,0.167,0.832
21113,0.162,0.838
21115,0.261,0.739
21117,0.254,0.745
21119,0.36,0.639
21121,0.363,0.636
21123,0.217,0.783
21125,0.331,0.669
21127,0.397,0.604
21129,0.327,0.672
21131,0.339,0.661
21133,0.255,0.746
21135,0.348,0.653
21137,0.319,0.681
21139,0.47,0.53
21141,0.279,0.721
21143,0.478,0.522
21145,0.375,0.625
21147,0.355,0.644
21149,0.293,0.708
21151,0.296,0.704
21153,0.296,0.704
21155,0.202,0.798
21157,0.424,0.575
21159,0.259,0.741
21161,0.236,0.763
21163,0.287,0.713
21165,0.316,0.683
21167,0.237,0.762
21169,0.291,0.709
21171,0.401,0.598
21173,0.156,0.844
21175,0.32,0.68
21177,0.312,0.688
21179,0.207,0.792
21181,0.138,0.862
21183,0.318,0.682
21185,0.162,0.838
21187,0.244,0.756
21189,0.336,0.664
21191,0.259,0.742
21193,0.327,0.673
21195,0.307,0.693
21197,0.313,0.687
21199,0.349,0.651
21201,0.21,0.79
21203,0.369,0.631
21205,0.303,0.698
21207,0.429,0.571
21209,0.16,0.84
21211,0.253,0.748
21213,0.365,0.634
21215,0.137,0.863
21217,0.257,0.743
21219,0.34,0.66
21221,0.25,0.749
21223,0.441,0.559
21225,0.519,0.481
21227,0.206,0.794
21229,0.217,0.783
21231,0.413,0.586
21233,0.339,0.661
21235,0.351,0.65
21237,0.349,0.651
21239,0.108,0.891
22001,0.371,0.627
22003,0.384,0.616
22005,0.283,0.717
22007,0.326,0.674
22009,0.295,0.705
22011,0.324,0.677
22013,0.3,0.7
22015,0.308,0.693
22017,0.295,0.706
22019,0.318,0.683
22021,0.261,0.739
22023,0.295,0.706
22025,0.252,0.747
22027,0.254,0.746
22029,0.326,0.674
22031,0.242,0.758
22033,0.173,0.825
22035,0.189,0.811
22037,0.215,0.786
22039,0.403,0.598
22041,0.279,0.721
22043,0.236,0.764
22045,0.281,0.72
22047,0.166,0.834
22049,0.326,0.673
22051,0.141,0.859
22053,0.45,0.55
22055,0.25,0.75
22057,0.276,0.724
22059,0.206,0.794
22061,0.293,0.707
22063,0.247,0.753
22065,0.211,0.789
22067,0.268,0.732
22069,0.272,0.728
22071,0.14,0.86
22073,0.295,0.705
22075,0.265,0.735
22077,0.194,0.806
22079,0.239,0.76
22081,0.284,0.716
22083,0.272,0.728
22085,0.291,0.709
22087,0.246,0.754
22089,0.168,0.832
22091,0.328,0.671
22093,0.335,0.664
22095,0.345,0.656
22097,0.286,0.714
22099,0.275,0.726
22101,0.265,0.734
22103,0.178,0.822
22105,0.241,0.759
22107,0.242,0.759
22109,0.26,0.74
22111,0.319,0.68
22113,0.279,0.72
22115,0.303,0.697
22117,0.297,0.703
22119,0.241,0.759
22121,0.154,0.846
22123,0.209,0.791
22125,0.239,0.761
22127,0.322,0.679
23001,0.223,0.776
23003,0.31,0.69
23005,0.149,0.851
23007,0.26,0.74
23009,0.204,0.796
23011,0.215,0.785
23013,0.128,0.873
23015,0.11,0.892
23017,0.198,0.802
23019,0.194,0.806
23021,0.331,0.668
23023,0.12,0.88
23025,0.272,0.728
23027,0.233,0.767
23029,0.184,0.816
23031,0.173,0.828
24001,0.052,0.949
24003,0.107,0.893
24005,0.08,0.919
24009,0.169,0.83
24011,0.061,0.938
24013,0.084,0.916
24015,0.081,0.92
24017,0.176,0.824
24019,0.037,0.963
24021,0.126,0.875
24023,0.125,0.876
24025,0.054,0.946
24027,0.106,0.893
24029,0.079,0.921
24031,0.095,0.905
24033,0.185,0.814
24035,0.085,0.914
24037,0.085,0.915
24039,0.061,0.94
24041,0.03,0.97
24043,0.163,0.836
24045,0.08,0.92
24047,0.049,0.952
24510,0.119,0.881
25001,0.052,0.948
25003,0.083,0.916
25005,0.092,0.908
25007,0.053,0.946
25009,0.08,0.919
25011,0.082,0.918
25013,0.085,0.916
25015,0.034,0.966
25017,0.075,0.925
25019,0.052,0.948
25021,0.07,0.93
25023,0.076,0.924
25025,0.076,0.924
25027,0.09,0.91
26001,0.244,0.756
26003,0.177,0.824
26005,0.218,0.783
26007,0.209,0.792
26009,0.157,0.843
26011,0.264,0.736
26013,0.184,0.815
26015,0.285,0.715
26017,0.172,0.829
26019,0.121,0.879
26021,0.198,0.802
26023,0.368,0.633
26025,0.262,0.737
26027,0.245,0.754
26029,0.169,0.831
26031,0.165,0.836
26033,0.12,0.88
26035,0.178,0.822
26037,0.135,0.866
26039,0.154,0.847
26041,0.251,0.749
26043,0.235,0.765
26045,0.233,0.767
26047,0.162,0.837
26049,0.179,0.821
26051,0.158,0.841
26053,0.242,0.758
26055,0.127,0.872
26057,0.236,0.765
26059,0.329,0.671
26061,0.215,0.786
26063,0.184,0.815
26065,0.168,0.832
26067,0.377,0.623
26069,0.283,0.717
26071,0.24,0.76
26073,0.265,0.735
26075,0.323,0.677
26077,0.141,0.86
26079,0.125,0.874
26081,0.143,0.856
26083,0.206,0.795
26085,0.247,0.752
26087,0.245,0.755
26089,0.133,0.866
26091,0.128,0.872
26093,0.115,0.885
26095,0.146,0.854
26097,0.145,0.855
26099,0.167,0.833
26101,0.172,0.828
26103,0.171,0.829
26105,0.299,0.701
26107,0.282,0.718
26109,0.2,0.8
26111,0.159,0.84
26113,0.143,0.857
26115,0.155,0.846
26117,0.332,0.668
26119,0.241,0.76
26121,0.229,0.771
26123,0.247,0.754
26125,0.104,0.896
26127,0.221,0.779
26129,0.284,0.717
26131,0.234,0.766
26133,0.232,0.769
26135,0.226,0.774
26137,0.225,0.774
26139,0.219,0.782
26141,0.203,0.798
26143,0.146,0.854
26145,0.186,0.813
26147,0.166,0.834
26149,0.324,0.677
26151,0.267,0.732
26153,0.202,0.798
26155,0.227,0.772
26157,0.219,0.782
26159,0.23,0.77
26161,0.087,0.913
26163,0.153,0.846
26165,0.169,0.83
27001,0.377,0.622
27003,0.264,0.737
27005,0.507,0.492
27007,0.474,0.525
27009,0.432,0.567
27011,0.562,0.438
27013,0.289,0.711
27015,0.413,0.587
27017,0.202,0.798
27019,0.335,0.664
27021,0.339,0.661
27023,0.458,0.542
27025,0.333,0.667
27027,0.351,0.649
27029,0.478,0.523
27031,0.242,0.757
27033,0.523,0.478
27035,0.34,0.66
27037,0.277,0.724
27039,0.202,0.798
27041,0.425,0.575
27043,0.399,0.601
27045,0.227,0.773
27047,0.426,0.574
27049,0.207,0.793
27051,0.44,0.561
27053,0.161,0.839
27055,0.238,0.761
27057,0.392,0.607
27059,0.418,0.582
27061,0.455,0.545
27063,0.489,0.511
27065,0.508,0.492
27067,0.398,0.602
27069,0.457,0.543
27071,0.429,0.571
27073,0.528,0.472
27075,0.195,0.805
27077,0.438,0.562
27079,0.37,0.631
27081,0.391,0.609
27083,0.451,0.549
27085,0.43,0.569
27087,0.432,0.567
27089,0.451,0.549
27091,0.429,0.571
27093,0.31,0.69
27095,0.505,0.495
27097,0.387,0.613
27099,0.291,0.71
27101,0.426,0.573
27103,0.312,0.688
27105,0.502,0.499
27107,0.385,0.614
27109,0.181,0.818
27111,0.538,0.461
27113,0.489,0.511
27115,0.395,0.606
27117,0.402,0.598
27119,0.509,0.491
27121,0.389,0.611
27123,0.176,0.823
27125,0.53,0.47
27127,0.452,0.548
27129,0.379,0.621
27131,0.244,0.755
27133,0.425,0.575
27135,0.439,0.561
27137,0.245,0.754
27139,0.198,0.801
27141,0.414,0.585
27143,0.387,0.613
27145,0.411,0.589
27147,0.28,0.719
27149,0.412,0.589
27151,0.435,0.565
27153,0.441,0.559
27155,0.495,0.505
27157,0.255,0.745
27159,0.429,0.57
27161,0.239,0.761
27163,0.235,0.765
27165,0.427,0.573
27167,0.553,0.448
27169,0.237,0.763
27171,0.354,0.646
27173,0.472,0.528
28001,0.356,0.644
28003,0.35,0.65
28005,0.324,0.677
28007,0.261,0.74
28009,0.278,0.722
28011,0.296,0.705
28013,0.327,0.673
28015,0.343,0.657
28017,0.292,0.707
28019,0.193,0.807
28021,0.187,0.812
28023,0.198,0.802
28025,0.209,0.791
28027,0.212,0.789
28029,0.291,0.709
28031,0.3,0.699
28033,0.221,0.779
28035,0.205,0.794
28037,0.353,0.647
28039,0.227,0.774
28041,0.197,0.803
28043,0.324,0.675
28045,0.242,0.757
28047,0.306,0.694
28049,0.23,0.771
28051,0.229,0.771
28053,0.286,0.714
28055,0.227,0.774
28057,0.345,0.655
28059,0.289,0.712
28061,0.3,0.7
28063,0.296,0.705
28065,0.374,0.626
28067,0.266,0.734
28069,0.135,0.864
28071,0.239,0.76
28073,0.212,0.787
28075,0.159,0.84
28077,0.394,0.606
28079,0.21,0.791
28081,0.316,0.685
28083,0.334,0.666
28085,0.342,0.658
28087,0.218,0.783
28089,0.256,0.744
28091,0.336,0.663
28093,0.149,0.851
28095,0.29,0.71
28097,0.343,0.657
28099,0.101,0.9
28101,0.135,0.865
28103,0.155,0.845
28105,0.166,0.833
28107,0.332,0.668
28109,0.262,0.738
28111,0.223,0.776
28113,0.314,0.686
28115,0.287,0.713
28117,0.377,0.623
28119,0.242,0.758
28121,0.261,0.74
28123,0.204,0.795
28125,0.282,0.718
28127,0.354,0.645
28129,0.389,0.611
28131,0.297,0.703
28133,0.319,0.68
28135,0.265,0.735
28137,0.298,0.702
28139,0.354,0.647
28141,0.406,0.595
28143,0.256,0.744
28145,0.311,0.689
28147,0.378,0.622
28149,0.195,0.803
28151,0.386,0.614
28153,0.22,0.781
28155,0.276,0.724
28157,0.364,0.636
28159,0.124,0.875
28161,0.258,0.74
28163,0.233,0.767
29001,0.352,0.648
29003,0.494,0.506
29005,0.331,0.669
29007,0.391,0.608
29009,0.422,0.578
29011,0.415,0.585
29013,0.318,0.681
29015,0.478,0.522
29017,0.381,0.618
29019,0.261,0.739
29021,0.479,0.521
29023,0.524,0.477
29025,0.453,0.547
29027,0.46,0.54
29029,0.506,0.495
29031,0.326,0.674
29033,0.363,0.637
29035,0.595,0.406
29037,0.279,0.72
29039,0.504,0.496
29041,0.342,0.658
29043,0.296,0.704
29045,0.457,0.543
29047,0.146,0.854
29049,0.275,0.726
29051,0.379,0.621
29053,0.277,0.723
29055,0.451,0.55
29057,0.494,0.505
29059,0.475,0.525
29061,0.462,0.538
29063,0.436,0.564
29065,0.511,0.489
29067,0.504,0.495
29069,0.307,0.693
29071,0.308,0.691
29073,0.461,0.539
29075,0.449,0.55
29077,0.309,0.69
29079,0.517,0.483
29081,0.516,0.484
29083,0.392,0.607
29085,0.521,0.48
29087,0.508,0.492
29089,0.279,0.722
29091,0.651,0.349
29093,0.296,0.703
29095,0.181,0.819
29097,0.437,0.564
29099,0.337,0.663
29101,0.301,0.7
29103,0.376,0.624
29105,0.606,0.394
29107,0.183,0.818
29109,0.542,0.459
29111,0.45,0.55
29113,0.418,0.581
29115,0.4,0.6
29117,0.489,0.51
29119,0.386,0.614
29121,0.403,0.596
29123,0.298,0.702
29125,0.377,0.622
29127,0.483,0.517
29129,0.576,0.423
29131,0.463,0.537
29133,0.367,0.634
29135,0.48,0.52
29137,0.451,0.549
29139,0.3,0.699
29141,0.504,0.497
29143,0.359,0.641
29145,0.417,0.584
29147,0.446,0.555
29149,0.631,0.37
29151,0.371,0.629
29153,0.435,0.565
29155,0.388,0.611
29157,0.29,0.71
29159,0.452,0.548
29161,0.435,0.564
29163,0.573,0.427
29165,0.172,0.827
29167,0.395,0.605
29169,0.471,0.529
29171,0.427,0.573
29173,0.514,0.486
29175,0.396,0.604
29177,0.43,0.57
29179,0.405,0.595
29181,0.541,0.458
29183,0.182,0.818
29185,0.49,0.509
29186,0.309,0.691
29187,0.308,0.692
29189,0.121,0.879
29195,0.425,0.575
29197,0.362,0.638
29199,0.394,0.607
29201,0.368,0.632
29203,0.66,0.341
29205,0.446,0.555
29207,0.413,0.587
29209,0.32,0.681
29211,0.437,0.564
29213,0.346,0.654
29215,0.711,0.289
29217,0.379,0.621
29219,0.304,0.696
29221,0.391,0.609
29223,0.492,0.509
29225,0.549,0.45
29227,0.486,0.513
29229,0.745,0.255
29510,0.136,0.863
30001,0.394,0.605
30003,0.479,0.521
30005,0.555,0.444
30007,0.362,0.638
30009,0.472,0.527
30011,0.371,0.629
30013,0.473,0.527
30015,0.502,0.498
30017,0.49,0.51
30019,0.602,0.398
30021,0.564,0.435
30023,0.378,0.622
30025,0.463,0.536
30027,0.552,0.448
30029,0.402,0.598
30031,0.34,0.661
30033,0.513,0.486
30035,0.408,0.592
30037,0.483,0.517
30039,0.395,0.605
30041,0.535,0.465
30043,0.345,0.656
30045,0.513,0.488
30047,0.445,0.555
30049,0.336,0.664
30051,0.501,0.499
30053,0.41,0.59
30055,0.595,0.406
30057,0.39,0.61
30059,0.401,0.599
30061,0.494,0.506
30063,0.419,0.581
30065,0.475,0.525
30067,0.319,0.681
30069,0.485,0.516
30071,0.557,0.443
30073,0.468,0.532
30075,0.539,0.461
30077,0.331,0.67
30079,0.542,0.459
30081,0.412,0.588
30083,0.554,0.446
30085,0.593,0.407
30087,0.483,0.517
30089,0.545,0.455
30091,0.56,0.441
30093,0.355,0.646
30095,0.459,0.541
30097,0.399,0.601
30099,0.457,0.543
30101,0.481,0.519
30103,0.47,0.529
30105,0.594,0.406
30107,0.493,0.507
30109,0.545,0.454
30111,0.473,0.527
31001,0.274,0.726
31003,0.485,0.515
31005,0.396,0.604
31007,0.511,0.488
31009,0.402,0.598
31011,0.387,0.612
31013,0.511,0.488
31015,0.507,0.493
31017,0.39,0.61
31019,0.282,0.718
31021,0.219,0.781
31023,0.395,0.603
31025,0.21,0.79
31027,0.531,0.47
31029,0.403,0.596
31031,0.295,0.705
31033,0.439,0.561
31035,0.32,0.68
31037,0.371,0.628
31039,0.335,0.664
31041,0.359,0.642
31043,0.411,0.588
31045,0.437,0.563
31047,0.325,0.676
31049,0.378,0.622
31051,0.454,0.545
31053,0.312,0.688
31055,0.255,0.745
31057,0.458,0.542
31059,0.412,0.588
31061,0.334,0.666
31063,0.351,0.649
31065,0.365,0.634
31067,0.26,0.74
31069,0.445,0.556
31071,0.394,0.606
31073,0.321,0.68
31075,0.417,0.583
31077,0.335,0.666
31079,0.265,0.735
31081,0.321,0.679
31083,0.349,0.65
31085,0.384,0.616
31087,0.437,0.564
31089,0.481,0.519
31091,0.384,0.616
31093,0.285,0.714
31095,0.311,0.69
31097,0.483,0.517
31099,0.283,0.717
31101,0.373,0.628
31103,0.397,0.604
31105,0.521,0.478
31107,0.544,0.456
31109,0.266,0.734
31111,0.371,0.628
31113,0.388,0.612
31115,0.406,0.594
31117,0.383,0.618
31119,0.527,0.473
31121,0.312,0.688
31123,0.504,0.496
31125,0.333,0.666
31127,0.375,0.626
31129,0.334,0.667
31131,0.297,0.703
31133,0.429,0.57
31135,0.375,0.626
31137,0.301,0.699
31139,0.548,0.453
31141,0.314,0.686
31143,0.473,0.527
31145,0.394,0.606
31147,0.449,0.55
31149,0.43,0.571
31151,0.277,0.724
31153,0.307,0.693
31155,0.478,0.523
31157,0.501,0.5
31159,0.29,0.71
31161,0.425,0.575
31163,0.302,0.697
31165,0.503,0.497
31167,0.537,0.463
31169,0.322,0.678
31171,0.39,0.61
31173,0.395,0.605
31175,0.343,0.658
31177,0.352,0.647
31179,0.52,0.481
31181,0.326,0.675
31183,0.401,0.6
31185,0.634,0.366
32001,0.173,0.827
32003,0.113,0.887
32005,0.175,0.826
32007,0.257,0.743
32009,0.096,0.904
32011,0.226,0.773
32013,0.206,0.794
32015,0.231,0.77
32017,0.214,0.787
32019,0.156,0.844
32021,0.13,0.87
32023,0.151,0.849
32027,0.271,0.729
32029,0.092,0.908
32031,0.109,0.891
32033,0.283,0.717
32510,0.141,0.859
33001,0.244,0.756
33003,0.23,0.77
33005,0.188,0.811
33007,0.135,0.866
33009,0.097,0.904
33011,0.165,0.834
33013,0.227,0.773
33015,0.149,0.851
33017,0.252,0.748
33019,0.175,0.826
34001,0.09,0.91
34003,0.087,0.913
34005,0.086,0.913
34007,0.06,0.939
34009,0.046,0.954
34011,0.096,0.904
34013,0.134,0.865
34015,0.109,0.891
34017,0.118,0.881
34019,0.11,0.889
34021,0.081,0.919
34023,0.09,0.911
34025,0.073,0.928
34027,0.09,0.911
34029,0.123,0.876
34031,0.107,0.894
34033,0.12,0.88
34035,0.089,0.911
34037,0.075,0.925
34039,0.082,0.918
34041,0.099,0.901
35001,0.107,0.893
35003,0.129,0.871
35005,0.222,0.778
35006,0.076,0.924
35007,0.151,0.849
35009,0.251,0.749
35011,0.19,0.81
35013,0.091,0.909
35015,0.362,0.638
35017,0.224,0.777
35019,0.135,0.864
35021,0.271,0.729
35023,0.279,0.722
35025,0.251,0.749
35027,0.107,0.893
35028,0.118,0.882
35029,0.175,0.825
35031,0.078,0.923
35033,0.096,0.904
35035,0.247,0.753
35037,0.271,0.73
35039,0.163,0.837
35041,0.252,0.748
35043,0.128,0.872
35045,0.19,0.81
35047,0.081,0.919
35049,0.055,0.946
35051,0.102,0.898
35053,0.06,0.939
35055,0.102,0.898
35057,0.137,0.863
35059,0.365,0.635
35061,0.158,0.843
36001,0.07,0.93
36003,0.105,0.895
36005,0.122,0.878
36007,0.123,0.878
36009,0.052,0.949
36011,0.105,0.894
36013,0.091,0.909
36015,0.15,0.85
36017,0.108,0.891
36019,0.143,0.857
36021,0.047,0.952
36023,0.078,0.921
36025,0.144,0.856
36027,0.047,0.953
36029,0.072,0.927
36031,0.157,0.843
36033,0.17,0.83
36035,0.153,0.847
36037,0.033,0.968
36039,0.066,0.934
36041,0.119,0.882
36043,0.083,0.916
36045,0.104,0.896
36047,0.127,0.873
36049,0.125,0.875
36051,0.054,0.946
36053,0.061,0.939
36055,0.086,0.914
36057,0.161,0.839
36059,0.078,0.921
36061,0.076,0.924
36063,0.066,0.934
36065,0.074,0.927
36067,0.081,0.919
36069,0.044,0.956
36071,0.073,0.926
36073,0.093,0.906
36075,0.114,0.885
36077,0.124,0.875
36079,0.043,0.957
36081,0.113,0.887
36083,0.109,0.891
36085,0.094,0.906
36087,0.083,0.917
36089,0.151,0.85
36091,0.094,0.907
36093,0.098,0.901
36095,0.067,0.933
36097,0.09,0.909
36099,0.055,0.946
36101,0.124,0.875
36103,0.112,0.888
36105,0.097,0.902
36107,0.048,0.953
36109,0.068,0.931
36111,0.082,0.918
36113,0.148,0.853
36115,0.188,0.811
36117,0.078,0.921
36119,0.087,0.913
36121,0.033,0.968
36123,0.029,0.971
37001,0.239,0.761
37003,0.153,0.847
37005,0.287,0.714
37007,0.195,0.804
37009,0.258,0.742
37011,0.318,0.682
37013,0.158,0.842
37015,0.204,0.796
37017,0.172,0.828
37019,0.078,0.921
37021,0.076,0.923
37023,0.271,0.729
37025,0.154,0.846
37027,0.131,0.869
37029,0.237,0.763
37031,0.244,0.757
37033,0.294,0.706
37035,0.235,0.765
37037,0.095,0.905
37039,0.295,0.704
37041,0.207,0.793
37043,0.285,0.715
37045,0.277,0.724
37047,0.335,0.666
37049,0.314,0.685
37051,0.175,0.824
37053,0.309,0.691
37055,0.135,0.865
37057,0.312,0.688
37059,0.178,0.821
37061,0.255,0.746
37063,0.064,0.936
37065,0.113,0.887
37067,0.11,0.889
37069,0.129,0.872
37071,0.171,0.829
37073,0.22,0.78
37075,0.263,0.738
37077,0.157,0.843
37079,0.26,0.741
37081,0.212,0.787
37083,0.089,0.911
37085,0.16,0.84
37087,0.146,0.854
37089,0.084,0.916
37091,0.087,0.913
37093,0.148,0.852
37095,0.243,0.757
37097,0.237,0.763
37099,0.209,0.792
37101,0.167,0.833
37103,0.323,0.678
37105,0.249,0.751
37107,0.262,0.738
37109,0.203,0.797
37111,0.294,0.706
37113,0.277,0.723
37115,0.13,0.87
37117,0.244,0.755
37119,0.141,0.86
37121,0.277,0.723
37123,0.161,0.839
37125,0.185,0.815
37127,0.114,0.885
37129,0.083,0.917
37131,0.087,0.913
37133,0.237,0.763
37135,0.058,0.943
37137,0.274,0.725
37139,0.198,0.801
37141,0.227,0.772
37143,0.204,0.797
37145,0.088,0.912
37147,0.184,0.816
37149,0.238,0.762
37151,0.249,0.751
37153,0.234,0.765
37155,0.209,0.791
37157,0.343,0.657
37159,0.282,0.717
37161,0.313,0.688
37163,0.095,0.905
37165,0.344,0.657
37167,0.209,0.791
37169,0.165,0.835
37171,0.16,0.84
37173,0.226,0.775
37175,0.085,0.915
37177,0.173,0.828
37179,0.172,0.828
37181,0.21,0.79
37183,0.105,0.895
37185,0.156,0.844
37187,0.223,0.777
37189,0.144,0.856
37191,0.125,0.876
37193,0.281,0.719
37195,0.161,0.838
37197,0.18,0.82
37199,0.11,0.889
38001,0.574,0.426
38003,0.327,0.673
38005,0.601,0.399
38007,0.538,0.462
38009,0.467,0.533
38011,0.475,0.525
38013,0.489,0.511
38015,0.496,0.504
38017,0.345,0.656
38019,0.583,0.417
38021,0.455,0.544
38023,0.517,0.482
38025,0.509,0.491
38027,0.545,0.455
38029,0.475,0.524
38031,0.427,0.574
38033,0.542,0.459
38035,0.441,0.558
38037,0.535,0.465
38039,0.413,0.587
38041,0.575,0.425
38043,0.473,0.527
38045,0.378,0.622
38047,0.432,0.567
38049,0.462,0.538
38051,0.433,0.566
38053,0.514,0.485
38055,0.481,0.519
38057,0.497,0.503
38059,0.503,0.498
38061,0.486,0.514
38063,0.509,0.492
38065,0.5,0.501
38067,0.498,0.503
38069,0.509,0.492
38071,0.63,0.37
38073,0.41,0.59
38075,0.464,0.536
38077,0.518,0.482
38079,0.537,0.463
38081,0.493,0.508
38083,0.48,0.52
38085,0.493,0.506
38087,0.538,0.461
38089,0.541,0.459
38091,0.535,0.465
38093,0.331,0.668
38095,0.622,0.378
38097,0.464,0.536
38099,0.476,0.524
38101,0.46,0.539
38103,0.5,0.501
38105,0.523,0.477
39001,0.339,0.661
39003,0.303,0.696
39005,0.371,0.628
39007,0.251,0.749
39009,0.35,0.649
39011,0.373,0.627
39013,0.286,0.714
39015,0.455,0.545
39017,0.225,0.775
39019,0.46,0.54
39021,0.409,0.59
39023,0.283,0.718
39025,0.225,0.776
39027,0.44,0.56
39029,0.293,0.707
39031,0.565,0.436
39033,0.334,0.666
39035,0.178,0.822
39037,0.45,0.551
39039,0.318,0.683
39041,0.183,0.817
39043,0.191,0.809
39045,0.33,0.669
39047,0.54,0.46
39049,0.186,0.815
39051,0.393,0.607
39053,0.359,0.641
39055,0.151,0.849
39057,0.218,0.783
39059,0.4,0.6
39061,0.227,0.773
39063,0.325,0.675
39065,0.404,0.595
39067,0.401,0.598
39069,0.338,0.662
39071,0.369,0.63
39073,0.516,0.484
39075,0.271,0.728
39077,0.459,0.541
39079,0.554,0.446
39081,0.37,0.629
39083,0.303,0.696
39085,0.21,0.79
39087,0.371,0.629
39089,0.334,0.666
39091,0.567,0.434
39093,0.285,0.715
39095,0.245,0.755
39097,0.291,0.709
39099,0.244,0.756
39101,0.379,0.621
39103,0.27,0.73
39105,0.391,0.609
39107,0.452,0.547
39109,0.337,0.663
39111,0.323,0.677
39113,0.171,0.829
39115,0.409,0.591
39117,0.228,0.772
39119,0.402,0.598
39121,0.424,0.576
39123,0.171,0.828
39125,0.396,0.604
39127,0.501,0.499
39129,0.246,0.754
39131,0.434,0.567
39133,0.232,0.768
39135,0.377,0.623
39137,0.412,0.587
39139,0.359,0.64
39141,0.385,0.615
39143,0.322,0.678
39145,0.459,0.543
39147,0.557,0.443
39149,0.517,0.483
39151,0.277,0.723
39153,0.229,0.772
39155,0.234,0.765
39157,0.446,0.554
39159,0.292,0.708
39161,0.376,0.624
39163,0.473,0.527
39165,0.191,0.809
39167,0.335,0.665
39169,0.29,0.711
39171,0.367,0.633
39173,0.176,0.824
39175,0.439,0.561
40001,0.431,0.569
40003,0.487,0.512
40005,0.371,0.629
40007,0.392,0.607
40009,0.54,0.46
40011,0.354,0.646
40013,0.306,0.694
40015,0.318,0.683
40017,0.219,0.781
40019,0.435,0.564
40021,0.432,0.567
40023,0.296,0.705
40025,0.382,0.618
40027,0.226,0.774
40029,0.3,0.701
40031,0.36,0.639
40033,0.279,0.721
40035,0.596,0.404
40037,0.373,0.627
40039,0.693,0.307
40041,0.577,0.423
40043,0.537,0.463
40045,0.487,0.513
40047,0.463,0.538
40049,0.319,0.682
40051,0.33,0.671
40053,0.486,0.512
40055,0.411,0.59
40057,0.423,0.577
40059,0.465,0.535
40061,0.439,0.561
40063,0.272,0.727
40065,0.296,0.702
40067,0.355,0.645
40069,0.382,0.618
40071,0.354,0.644
40073,0.189,0.811
40075,0.346,0.654
40077,0.479,0.522
40079,0.45,0.55
40081,0.442,0.559
40083,0.171,0.829
40085,0.371,0.63
40087,0.259,0.742
40089,0.389,0.61
40091,0.407,0.594
40093,0.453,0.546
40095,0.318,0.681
40097,0.561,0.438
40099,0.443,0.558
40101,0.413,0.586
40103,0.254,0.746
40105,0.433,0.567
40107,0.388,0.612
40109,0.257,0.743
40111,0.334,0.666
40113,0.41,0.59
40115,0.513,0.488
40117,0.422,0.578
40119,0.28,0.721
40121,0.382,0.618
40123,0.164,0.836
40125,0.372,0.628
40127,0.351,0.649
40129,0.549,0.451
40131,0.366,0.634
40133,0.354,0.647
40135,0.425,0.574
40137,0.339,0.661
40139,0.345,0.655
40141,0.294,0.705
40143,0.276,0.725
40145,0.319,0.681
40147,0.463,0.537
40149,0.523,0.477
40151,0.447,0.553
40153,0.523,0.476
41001,0.419,0.581
41003,0.073,0.926
41005,0.111,0.889
41007,0.13,0.87
41009,0.221,0.778
41011,0.325,0.676
41013,0.121,0.879
41015,0.183,0.817
41017,0.085,0.916
41019,0.25,0.75
41021,0.06,0.939
41023,0.208,0.791
41025,0.245,0.755
41027,0.228,0.772
41029,0.196,0.803
41031,0.092,0.907
41033,0.156,0.844
41035,0.19,0.81
41037,0.194,0.805
41039,0.144,0.856
41041,0.06,0.941
41043,0.178,0.823
41045,0.49,0.511
41047,0.095,0.906
41049,0.113,0.887
41051,0.083,0.916
41053,0.113,0.887
41055,0.068,0.931
41057,0.257,0.744
41059,0.134,0.865
41061,0.208,0.792
41063,0.27,0.73
41065,0.122,0.878
41067,0.074,0.925
41069,0.142,0.858
41071,0.128,0.872
42001,0.156,0.844
42003,0.074,0.926
42005,0.26,0.741
42007,0.138,0.862
42009,0.225,0.775
42011,0.108,0.893
42013,0.256,0.744
42015,0.11,0.891
42017,0.064,0.936
42019,0.159,0.841
42021,0.241,0.758
42023,0.209,0.791
42025,0.09,0.909
42027,0.106,0.893
42029,0.066,0.933
42031,0.239,0.76
42033,0.282,0.718
42035,0.115,0.886
42037,0.116,0.884
42039,0.176,0.824
42041,0.246,0.754
42043,0.313,0.686
42045,0.064,0.937
42047,0.155,0.845
42049,0.098,0.902
42051,0.261,0.739
42053,0.182,0.818
42055,0.145,0.855
42057,0.211,0.789
42059,0.401,0.599
42061,0.285,0.715
42063,0.128,0.872
42065,0.271,0.728
42067,0.226,0.774
42069,0.052,0.949
42071,0.104,0.896
42073,0.197,0.804
42075,0.096,0.903
42077,0.071,0.929
42079,0.085,0.915
42081,0.179,0.821
42083,0.046,0.954
42085,0.166,0.835
42087,0.262,0.738
42089,0.118,0.883
42091,0.079,0.921
42093,0.143,0.857
42095,0.061,0.94
42097,0.155,0.846
42099,0.152,0.848
42101,0.086,0.914
42103,0.059,0.942
42105,0.133,0.867
42107,0.116,0.884
42109,0.202,0.798
42111,0.269,0.731
42113,0.098,0.901
42115,0.113,0.887
42117,0.253,0.748
42119,0.213,0.787
42121,0.134,0.866
42123,0.142,0.858
42125,0.117,0.884
42127,0.093,0.908
42129,0.156,0.845
42131,0.092,0.908
42133,0.133,0.867
44001,0.03,0.97
44003,0.069,0.93
44005,0.056,0.944
44007,0.086,0.913
44009,0.068,0.933
45001,0.462,0.537
45003,0.302,0.698
45005,0.395,0.604
45007,0.272,0.728
45009,0.251,0.75
45011,0.271,0.728
45013,0.12,0.88
45015,0.231,0.768
45017,0.236,0.765
45019,0.157,0.843
45021,0.292,0.707
45023,0.271,0.73
45025,0.344,0.655
45027,0.358,0.643
45029,0.259,0.741
45031,0.35,0.651
45033,0.4,0.6
45035,0.265,0.736
45037,0.266,0.734
45039,0.124,0.876
45041,0.327,0.673
45043,0.133,0.866
45045,0.281,0.719
45047,0.387,0.614
45049,0.311,0.69
45051,0.219,0.781
45053,0.24,0.76
45055,0.195,0.805
45057,0.183,0.818
45059,0.356,0.644
45061,0.337,0.663
45063,0.211,0.79
45065,0.293,0.707
45067,0.498,0.503
45069,0.335,0.664
45071,0.268,0.731
45073,0.306,0.693
45075,0.302,0.698
45077,0.271,0.729
45079,0.145,0.855
45081,0.265,0.735
45083,0.277,0.723
45085,0.336,0.665
45087,0.234,0.767
45089,0.211,0.789
45091,0.193,0.806
46003,0.548,0.452
46005,0.485,0.515
46007,0.316,0.683
46009,0.511,0.488
46011,0.427,0.574
46013,0.496,0.504
46015,0.406,0.594
46017,0.377,0.624
46019,0.358,0.642
46021,0.444,0.555
46023,0.52,0.48
46025,0.53,0.47
46027,0.385,0.616
46029,0.579,0.422
46031,0.468,0.532
46033,0.376,0.625
46035,0.626,0.374
46037,0.571,0.429
46039,0.522,0.478
46041,0.267,0.734
46043,0.566,0.435
46045,0.455,0.545
46047,0.386,0.614
46049,0.43,0.57
46051,0.62,0.38
46053,0.437,0.563
46055,0.319,0.681
46057,0.518,0.482
46059,0.4,0.601
46061,0.561,0.438
46063,0.318,0.681
46065,0.227,0.774
46067,0.491,0.509
46069,0.337,0.664
46071,0.317,0.682
46073,0.491,0.51
46075,0.246,0.755
46077,0.475,0.525
46079,0.437,0.563
46081,0.367,0.633
46083,0.365,0.635
46085,0.295,0.706
46087,0.411,0.588
46089,0.456,0.543
46091,0.525,0.474
46093,0.362,0.639
46095,0.255,0.745
46097,0.499,0.502
46099,0.38,0.62
46101,0.426,0.574
46102,0.364,0.636
46103,0.364,0.636
46105,0.398,0.603
46107,0.345,0.656
46109,0.58,0.42
46111,0.569,0.431
46115,0.467,0.533
46117,0.208,0.791
46119,0.243,0.756
46121,0.275,0.725
46123,0.346,0.654
46125,0.375,0.626
46127,0.379,0.622
46129,0.416,0.583
46135,0.481,0.519
46137,0.33,0.669
47001,0.305,0.695
47003,0.503,0.497
47005,0.484,0.516
47007,0.335,0.666
47009,0.255,0.745
47011,0.345,0.655
47013,0.338,0.663
47015,0.536,0.464
47017,0.43,0.571
47019,0.297,0.702
47021,0.24,0.76
47023,0.298,0.702
47025,0.368,0.633
47027,0.468,0.532
47029,0.397,0.602
47031,0.429,0.571
47033,0.341,0.658
47035,0.39,0.609
47037,0.143,0.858
47039,0.514,0.486
47041,0.54,0.46
47043,0.209,0.791
47045,0.465,0.535
47047,0.112,0.887
47049,0.402,0.599
47051,0.388,0.612
47053,0.379,0.621
47055,0.321,0.678
47057,0.389,0.611
47059,0.336,0.664
47061,0.458,0.542
47063,0.391,0.609
47065,0.361,0.64
47067,0.45,0.55
47069,0.306,0.695
47071,0.389,0.612
47073,0.396,0.603
47075,0.281,0.72
47077,0.39,0.609
47079,0.446,0.554
47081,0.202,0.798
47083,0.273,0.727
47085,0.372,0.627
47087,0.515,0.485
47089,0.392,0.607
47091,0.327,0.673
47093,0.212,0.788
47095,0.442,0.558
47097,0.349,0.65
47099,0.359,0.642
47101,0.38,0.621
47103,0.419,0.581
47105,0.208,0.792
47107,0.319,0.682
47109,0.327,0.674
47111,0.446,0.553
47113,0.285,0.715
47115,0.372,0.628
47117,0.487,0.513
47119,0.379,0.622
47121,0.334,0.667
47123,0.373,0.626
47125,0.349,0.651
47127,0.45,0.551
47129,0.27,0.731
47131,0.429,0.571
47133,0.479,0.521
47135,0.465,0.535
47137,0.452,0.549
47139,0.308,0.692
47141,0.531,0.468
47143,0.363,0.637
47145,0.321,0.679
47147,0.337,0.663
47149,0.275,0.725
47151,0.419,0.581
47153,0.372,0.628
47155,0.261,0.739
47157,0.164,0.837
47159,0.381,0.62
47161,0.266,0.735
47163,0.33,0.67
47165,0.313,0.686
47167,0.329,0.671
47169,0.416,0.585
47171,0.198,0.803
47173,0.398,0.602
47175,0.439,0.562
47177,0.436,0.564
47179,0.301,0.698
47181,0.44,0.561
47183,0.456,0.543
47185,0.552,0.448
47187,0.183,0.816
47189,0.239,0.76
48001,0.371,0.629
48003,0.201,0.799
48005,0.264,0.736
48007,0.181,0.82
48009,0.233,0.767
48011,0.262,0.738
48013,0.043,0.958
48015,0.084,0.916
48017,0.184,0.815
48019,0.161,0.839
48021,0.111,0.89
48023,0.275,0.724
48025,0.056,0.943
48027,0.123,0.877
48029,0.088,0.912
48031,0.139,0.862
48033,0.279,0.721
48035,0.287,0.713
48037,0.306,0.694
48039,0.138,0.861
48041,0.117,0.884
48043,0.1,0.9
48045,0.295,0.705
48047,0.231,0.768
48049,0.228,0.773
48051,0.163,0.836
48053,0.125,0.876
48055,0.065,0.936
48057,0.226,0.774
48059,0.228,0.772
48061,0.13,0.869
48063,0.294,0.706
48065,0.287,0.714
48067,0.349,0.65
48069,0.151,0.849
48071,0.199,0.801
48073,0.334,0.667
48075,0.46,0.54
48077,0.22,0.78
48079,0.175,0.824
48081,0.188,0.813
48083,0.185,0.815
48085,0.101,0.9
48087,0.557,0.444
48089,0.126,0.873
48091,0.114,0.886
48093,0.179,0.821
48095,0.113,0.886
48097,0.2,0.801
48099,0.184,0.816
48101,0.401,0.599
48103,0.232,0.769
48105,0.169,0.831
48107,0.16,0.84
48109,0.17,0.83
48111,0.316,0.685
48113,0.102,0.898
48115,0.127,0.874
48117,0.221,0.778
48119,0.208,0.792
48121,0.087,0.913
48123,0.113,0.888
48125,0.214,0.786
48127,0.177,0.823
48129,0.351,0.649
48131,0.257,0.744
48133,0.248,0.752
48135,0.208,0.792
48137,0.208,0.792
48139,0.088,0.912
48141,0.047,0.952
48143,0.188,0.811
48145,0.099,0.902
48147,0.374,0.626
48149,0.315,0.685
48151,0.303,0.696
48153,0.155,0.845
48155,0.376,0.624
48157,0.111,0.889
48159,0.199,0.801
48161,0.231,0.769
48163,0.181,0.818
48165,0.188,0.812
48167,0.175,0.824
48169,0.18,0.819
48171,0.293,0.706
48173,0.181,0.82
48175,0.186,0.814
48177,0.093,0.906
48179,0.342,0.658
48181,0.222,0.777
48183,0.191,0.809
48185,0.112,0.888
48187,0.081,0.919
48189,0.152,0.848
48191,0.434,0.567
48193,0.241,0.76
48195,0.338,0.662
48197,0.395,0.604
48199,0.177,0.823
48201,0.112,0.888
48203,0.211,0.789
48205,0.286,0.714
48207,0.352,0.648
48209,0.029,0.97
48211,0.453,0.547
48213,0.242,0.757
48215,0.091,0.91
48217,0.159,0.841
48219,0.163,0.837
48221,0.266,0.734
48223,0.142,0.857
48225,0.376,0.624
48227,0.187,0.814
48229,0.092,0.909
48231,0.223,0.777
48233,0.304,0.696
48235,0.114,0.886
48237,0.039,0.962
48239,0.228,0.771
48241,0.163,0.837
48243,0.052,0.949
48245,0.221,0.779
48247,0.153,0.847
48249,0.201,0.799
48251,0.159,0.841
48253,0.264,0.736
48255,0.105,0.895
48257,0.162,0.837
48259,0.137,0.863
48261,0.13,0.87
48263,0.409,0.591
48265,0.375,0.626
48267,0.327,0.673
48269,0.35,0.651
48271,0.184,0.817
48273,0.153,0.847
48275,0.352,0.647
48277,0.284,0.716
48279,0.149,0.852
48281,0.12,0.881
48283,0.237,0.764
48285,0.151,0.85
48287,0.305,0.695
48289,0.278,0.723
48291,0.167,0.832
48293,0.152,0.849
48295,0.389,0.61
48297,0.089,0.911
48299,0.172,0.829
48301,0.237,0.764
48303,0.159,0.842
48305,0.154,0.846
48307,0.174,0.826
48309,0.117,0.882
48311,0.255,0.745
48313,0.194,0.806
48315,0.261,0.739
48317,0.174,0.826
48319,0.297,0.703
48321,0.168,0.831
48323,0.225,0.775
48325,0.093,0.908
48327,0.149,0.851
48329,0.193,0.807
48331,0.095,0.907
48333,0.22,0.779
48335,0.386,0.615
48337,0.25,0.749
48339,0.165,0.835
48341,0.288,0.711
48343,0.364,0.636
48345,0.204,0.797
48347,0.251,0.749
48349,0.144,0.856
48351,0.216,0.783
48353,0.27,0.731
48355,0.086,0.914
48357,0.359,0.64
48359,0.258,0.742
48361,0.226,0.775
48363,0.079,0.921
48365,0.271,0.729
48367,0.123,0.877
48369,0.203,0.798
48371,0.251,0.748
48373,0.167,0.833
48375,0.243,0.757
48377,0.038,0.963
48379,0.243,0.757
48381,0.235,0.765
48383,0.183,0.817
48385,0.259,0.741
48387,0.293,0.706
48389,0.196,0.804
48391,0.248,0.751
48393,0.367,0.632
48395,0.11,0.889
48397,0.175,0.825
48399,0.176,0.824
48401,0.179,0.822
48403,0.254,0.746
48405,0.199,0.802
48407,0.155,0.845
48409,0.088,0.912
48411,0.226,0.774
48413,0.085,0.915
48415,0.447,0.553
48417,0.3,0.701
48419,0.177,0.822
48421,0.327,0.673
48423,0.303,0.697
48425,0.321,0.678
48427,0.07,0.931
48429,0.428,0.572
48431,0.176,0.824
48433,0.326,0.673
48435,0.131,0.868
48437,0.212,0.787
48439,0.134,0.866
48441,0.233,0.766
48443,0.249,0.751
48445,0.161,0.839
48447,0.38,0.619
48449,0.327,0.673
48451,0.116,0.884
48453,0.047,0.953
48455,0.194,0.806
48457,0.141,0.858
48459,0.231,0.769
48461,0.223,0.777
48463,0.172,0.828
48465,0.143,0.856
48467,0.432,0.568
48469,0.185,0.815
48471,0.166,0.834
48473,0.146,0.854
48475,0.226,0.774
48477,0.138,0.862
48479,0.097,0.903
48481,0.159,0.841
48483,0.527,0.472
48485,0.215,0.784
48487,0.298,0.703
48489,0.116,0.884
48491,0.114,0.885
48493,0.075,0.924
48495,0.223,0.777
48497,0.181,0.819
48499,0.19,0.809
48501,0.184,0.815
48503,0.211,0.789
48505,0.083,0.917
48507,0.226,0.773
49001,0.396,0.603
49003,0.311,0.689
49005,0.278,0.721
49007,0.355,0.646
49009,0.489,0.511
49011,0.167,0.832
49013,0.343,0.657
49015,0.337,0.663
49017,0.35,0.65
49019,0.265,0.734
49021,0.321,0.679
49023,0.437,0.562
49025,0.328,0.672
49027,0.543,0.457
49029,0.3,0.7
49031,0.424,0.576
49033,0.252,0.748
49035,0.154,0.846
49037,0.146,0.854
49039,0.254,0.746
49041,0.419,0.582
49043,0.172,0.828
49045,0.257,0.744
49047,0.436,0.564
49049,0.298,0.702
49051,0.158,0.842
49053,0.213,0.787
49055,0.311,0.689
49057,0.227,0.773
50001,0.16,0.841
50003,0.147,0.854
50005,0.275,0.724
50007,0.166,0.833
50009,0.212,0.789
50011,0.156,0.844
50013,0.158,0.842
50015,0.27,0.731
50017,0.197,0.803
50019,0.305,0.695
50021,0.156,0.844
50023,0.345,0.654
50025,0.141,0.859
50027,0.146,0.854
51001,0.075,0.924
51003,0.099,0.903
51005,0.302,0.699
51007,0.198,0.802
51009,0.171,0.829
51011,0.186,0.814
51013,0.063,0.937
51015,0.127,0.874
51017,0.265,0.735
51019,0.257,0.743
51021,0.395,0.606
51023,0.228,0.772
51025,0.167,0.833
51027,0.355,0.644
51029,0.154,0.846
51031,0.193,0.807
51033,0.11,0.89
51035,0.221,0.781
51036,0.14,0.86
51037,0.257,0.743
51041,0.136,0.865
51043,0.106,0.894
51045,0.187,0.814
51047,0.134,0.866
51049,0.165,0.836
51051,0.289,0.71
51053,0.142,0.857
51057,0.278,0.723
51059,0.088,0.911
51061,0.095,0.905
51063,0.234,0.766
51065,0.128,0.872
51067,0.241,0.759
51069,0.122,0.878
51071,0.296,0.704
51073,0.042,0.958
51075,0.142,0.858
51077,0.276,0.723
51079,0.101,0.9
51081,0.161,0.839
51083,0.192,0.808
51085,0.182,0.818
51087,0.148,0.853
51089,0.28,0.72
51091,0.203,0.796
51093,0.153,0.846
51095,0.019,0.981
51097,0.197,0.803
51099,0.281,0.719
51101,0.285,0.715
51103,0.144,0.856
51105,0.314,0.686
51107,0.064,0.936
51109,0.106,0.894
51111,0.208,0.792
51113,0.178,0.822
51115,0.051,0.95
51117,0.213,0.788
51119,0.108,0.891
51121,0.188,0.811
51125,0.132,0.868
51127,0.122,0.878
51131,0.127,0.873
51133,0.15,0.851
51135,0.157,0.843
51137,0.203,0.796
51139,0.314,0.686
51141,0.306,0.694
51143,0.298,0.702
51145,0.178,0.822
51147,0.206,0.794
51149,0.193,0.808
51153,0.129,0.871
51155,0.304,0.696
51157,0.119,0.881
51159,0.194,0.807
51161,0.187,0.812
51163,0.195,0.805
51165,0.235,0.765
51167,0.431,0.569
51169,0.319,0.68
51171,0.198,0.802
51173,0.403,0.597
51175,0.095,0.906
51177,0.099,0.9
51179,0.177,0.823
51181,0.03,0.97
51183,0.084,0.916
51185,0.43,0.57
51187,0.132,0.869
51191,0.366,0.634
51193,0.242,0.758
51195,0.199,0.801
51197,0.343,0.657
51199,0.051,0.948
51510,0.117,0.882
51520,0.374,0.625
51530,0.236,0.764
51540,0.092,0.908
51550,0.138,0.862
51570,0.215,0.785
51580,0.334,0.666
51590,0.339,0.661
51595,0.164,0.835
51600,0.115,0.885
51610,0.078,0.923
51620,0.152,0.848
51630,0.079,0.92
51640,0.206,0.794
51650,0.111,0.889
51660,0.224,0.776
51670,0.225,0.775
51678,0.215,0.784
51680,0.174,0.825
51683,0.083,0.917
51685,0.113,0.887
51690,0.273,0.727
51700,0.083,0.917
51710,0.121,0.879
51720,0.158,0.842
51730,0.183,0.817
51735,0.091,0.909
51740,0.141,0.859
51750,0.23,0.77
51760,0.183,0.816
51770,0.208,0.792
51775,0.171,0.829
51790,0.123,0.876
51800,0.226,0.773
51810,0.12,0.88
51820,0.104,0.896
51830,0.015,0.986
51840,0.113,0.888
53001,0.2,0.8
53003,0.158,0.842
53005,0.159,0.841
53007,0.139,0.861
53009,0.029,0.971
53011,0.089,0.911
53013,0.19,0.809
53015,0.159,0.841
53017,0.156,0.844
53019,0.23,0.769
53021,0.178,0.822
53023,0.145,0.855
53025,0.192,0.807
53027,0.126,0.875
53029,0.09,0.909
53031,0.075,0.925
53033,0.086,0.915
53035,0.078,0.922
53037,0.149,0.851
53039,0.18,0.82
53041,0.273,0.727
53043,0.126,0.873
53045,0.126,0.873
53047,0.183,0.816
53049,0.226,0.775
53051,0.201,0.799
53053,0.188,0.812
53055,0.04,0.959
53057,0.169,0.83
53059,0.159,0.84
53061,0.087,0.912
53063,0.17,0.83
53065,0.158,0.842
53067,0.182,0.817
53069,0.181,0.819
53071,0.166,0.834
53073,0.131,0.869
53075,0.06,0.939
53077,0.116,0.883
54001,0.194,0.806
54003,0.31,0.69
54005,0.328,0.672
54007,0.4,0.6
54009,0.372,0.628
54011,0.336,0.662
54013,0.382,0.618
54015,0.357,0.643
54017,0.273,0.727
54019,0.454,0.546
54021,0.361,0.639
54023,0.399,0.6
54025,0.213,0.787
54027,0.144,0.855
54029,0.351,0.649
54031,0.294,0.706
54033,0.224,0.776
54035,0.263,0.738
54037,0.279,0.721
54039,0.248,0.752
54041,0.258,0.742
54043,0.332,0.668
54045,0.308,0.692
54047,0.354,0.646
54049,0.24,0.76
54051,0.247,0.753
54053,0.371,0.63
54055,0.402,0.598
54057,0.091,0.908
54059,0.27,0.73
54061,0.262,0.738
54063,0.227,0.774
54065,0.279,0.721
54067,0.314,0.685
54069,0.268,0.733
54071,0.33,0.67
54073,0.366,0.633
54075,0.275,0.726
54077,0.172,0.827
54079,0.223,0.777
54081,0.427,0.574
54083,0.288,0.712
54085,0.383,0.618
54087,0.297,0.703
54089,0.323,0.678
54091,0.196,0.805
54093,0.243,0.757
54095,0.276,0.724
54097,0.247,0.753
54099,0.416,0.585
54101,0.311,0.69
54103,0.199,0.8
54105,0.39,0.611
54107,0.342,0.658
54109,0.347,0.653
55001,0.579,0.421
55003,0.234,0.766
55005,0.371,0.629
55007,0.213,0.787
55009,0.306,0.694
55011,0.317,0.683
55013,0.342,0.658
55015,0.305,0.695
55017,0.341,0.66
55019,0.469,0.53
55021,0.19,0.811
55023,0.345,0.655
55025,0.129,0.871
55027,0.414,0.586
55029,0.11,0.891
55031,0.178,0.822
55033,0.317,0.683
55035,0.321,0.679
55037,0.269,0.732
55039,0.434,0.566
55041,0.3,0.699
55043,0.385,0.615
55045,0.295,0.705
55047,0.398,0.603
55049,0.234,0.766
55051,0.234,0.766
55053,0.267,0.733
55055,0.303,0.697
55057,0.417,0.584
55059,0.257,0.744
55061,0.18,0.82
55063,0.212,0.787
55065,0.351,0.649
55067,0.329,0.671
55069,0.338,0.663
55071,0.523,0.478
55073,0.424,0.576
55075,0.263,0.737
55077,0.565,0.434
55078,0.455,0.546
55079,0.239,0.761
55081,0.257,0.744
55083,0.338,0.662
55085,0.262,0.738
55087,0.344,0.655
55089,0.28,0.72
55091,0.325,0.676
55093,0.301,0.699
55095,0.348,0.652
55097,0.531,0.468
55099,0.219,0.781
55101,0.295,0.705
55103,0.441,0.559
55105,0.258,0.741
55107,0.336,0.664
55109,0.288,0.712
55111,0.339,0.661
55113,0.317,0.683
55115,0.526,0.474
55117,0.416,0.584
55119,0.456,0.544
55121,0.231,0.768
55123,0.302,0.698
55125,0.236,0.764
55127,0.399,0.601
55129,0.367,0.633
55131,0.393,0.607
55133,0.381,0.619
55135,0.351,0.649
55137,0.458,0.542
55139,0.394,0.606
55141,0.523,0.477
56001,0.387,0.613
56003,0.489,0.51
56005,0.511,0.49
56007,0.268,0.732
56009,0.372,0.628
56011,0.403,0.596
56013,0.282,0.718
56015,0.481,0.519
56017,0.369,0.631
56019,0.494,0.506
56021,0.37,0.63
56023,0.442,0.559
56025,0.278,0.723
56027,0.537,0.463
56029,0.533,0.467
56031,0.421,0.578
56033,0.52,0.481
56035,0.395,0.605
56037,0.586,0.414
56039,0.412,0.587
56041,0.53,0.471
56043,0.428,0.572
56045,0.419,0.581
